[[0 0 0 ... 0 0 0]
 [0.617120683 0 0 ... 0 0 0]
 [-0.122694612 -0.138833478 0 ... 0 0 0]
 ...
 [0.145855963 0.0557506084 0.13257122 ... 0 0 0]
 [0.640617847 -0.0384592116 0.627333045 ... 0.0792477131 0 0]
 [0.252958864 0.0371395648 0.0221371353 ... 1.42697716 1.43120444 0]]
[[0 0 0 ... 0 0 0]
 [0.628843963 0 0 ... 0 0 0]
 [-6.25327229e-05 0.0224002339 0 ... 0 0 0]
 ...
 [0.68787694 0.0581485629 0.68696785 ... 0 0 0]
 [0.85387516 0.224146783 0.85296613 ... 0.165080369 0 0]
 [0.28573069 0.466765583 0.443388134 ... 1.78403389 1.76820838 0]]
[[0 0 0 ... 0 0 0]
 [0.628784776 0 0 ... 0 0 0]
 [-6.10873103e-05 0.0223806221 0 ... 0 0 0]
 ...
 [0.687846303 0.0581243709 0.686921597 ... 0 0 0]
 [0.853884339 0.224162415 0.852959573 ... 0.16508314 0 0]
 [0.28568083 0.466725349 0.443355501 ... 1.78399837 1.76820207 0]]
[[0 0 0 ... 0 0 0]
 [0.628760099 0 0 ... 0 0 0]
 [-5.93215227e-05 0.0223680381 0 ... 0 0 0]
 ...
 [0.687833369 0.0581115484 0.686898887 ... 0 0 0]
 [0.85389 0.224168181 0.85295552 ... 0.165084213 0 0]
 [0.285658 0.466705859 0.443341553 ... 1.78398216 1.76819789 0]]
[[0 0 0 ... 0 0 0]
 [0.628746867 0 0 ... 0 0 0]
 [-5.79729676e-05 0.0223602913 0 ... 0 0 0]
 ...
 [0.687824845 0.0581021607 0.686884165 ... 0 0 0]
 [0.853893399 0.224170744 0.852952719 ... 0.165086091 0 0]
 [0.285645187 0.46669355 0.443332583 ... 1.78397334 1.76819408 0]]
[[0 0 0 ... 0 0 0]
 [0.628738701 0 0 ... 0 0 0]
 [-5.71757555e-05 0.0223556776 0 ... 0 0 0]
 ...
 [0.687817633 0.0580939427 0.686873 ... 0 0 0]
 [0.853895187 0.224171519 0.852950573 ... 0.165088668 0 0]
 [0.285637289 0.466684371 0.443325192 ... 1.78396833 1.76819098 0]]
[[0 0 0 ... 0 0 0]
 [0.628733397 0 0 ... 0 0 0]
 [-5.6900084e-05 0.0223532151 0 ... 0 0 0]
 ...
 [0.6878106 0.0580859929 0.686863601 ... 0 0 0]
 [0.853895664 0.224171072 0.852948666 ... 0.165091828 0 0]
 [0.285632193 0.466676712 0.443318039 ... 1.78396499 1.76818824 0]]
[[0 0 0 ... 0 0 0]
 [0.628730059 0 0 ... 0 0 0]
 [-5.68628311e-05 0.0223522615 0 ... 0 0 0]
 ...
 [0.687803745 0.0580780432 0.686855316 ... 0 0 0]
 [0.853895426 0.224169701 0.852946937 ... 0.165095329 0 0]
 [0.285628974 0.466669798 0.443310767 ... 1.78396273 1.76818538 0]]
[[0 0 0 ... 0 0 0]
 [0.628727913 0 0 ... 0 0 0]
 [-5.69969416e-05 0.0223524105 0 ... 0 0 0]
 ...
 [0.68779695 0.0580699 0.686847627 ... 0 0 0]
 [0.853894472 0.224167466 0.852945149 ... 0.165099 0 0]
 [0.285627 0.46666339 0.443303227 ... 1.78396106 1.76818299 0]]
[[0 0 0 ... 0 0 0]
 [0.628727138 0 0 ... 0 0 0]
 [-5.7078898e-05 0.0223533604 0 ... 0 0 0]
 ...
 [0.687790275 0.0580614656 0.686840355 ... 0 0 0]
 [0.85389322 0.224164397 0.852943301 ... 0.16510272 0 0]
 [0.285626084 0.466656983 0.44329527 ... 1.78395939 1.76818109 0]]
[[0 0 0 ... 0 0 0]
 [0.628727436 0 0 ... 0 0 0]
 [-5.70565462e-05 0.0223549195 0 ... 0 0 0]
 ...
 [0.687783897 0.058052741 0.686833501 ... 0 0 0]
 [0.85389173 0.224160612 0.852941394 ... 0.165106416 0 0]
 [0.285626 0.466650605 0.443286926 ... 1.78395784 1.76817942 0]]
[[0 0 0 ... 0 0 0]
 [0.628728807 0 0 ... 0 0 0]
 [-5.68330288e-05 0.0223569237 0 ... 0 0 0]
 ...
 [0.687777817 0.0580436513 0.686827 ... 0 0 0]
 [0.853890121 0.224155962 0.852939248 ... 0.165109962 0 0]
 [0.28562662 0.466644049 0.443278104 ... 1.78395617 1.76817846 0]]
[[0 0 0 ... 0 0 0]
 [0.62873137 0 0 ... 0 0 0]
 [-5.62667847e-05 0.0223592296 0 ... 0 0 0]
 ...
 [0.687772155 0.0580341965 0.686820686 ... 0 0 0]
 [0.853888452 0.224150449 0.852937 ... 0.16511327 0 0]
 [0.285627961 0.466637313 0.443268925 ... 1.78395426 1.76817775 0]]
[[0 0 0 ... 0 0 0]
 [0.628735125 0 0 ... 0 0 0]
 [-5.53056598e-05 0.0223617591 0 ... 0 0 0]
 ...
 [0.687767148 0.0580243319 0.686814725 ... 0 0 0]
 [0.853886843 0.224144071 0.85293442 ... 0.16511631 0 0]
 [0.285629928 0.46663028 0.443259358 ... 1.78395176 1.76817787 0]]
[[0 0 0 ... 0 0 0]
 [0.628740132 0 0 ... 0 0 0]
 [-5.39049506e-05 0.0223644115 0 ... 0 0 0]
 ...
 [0.687762678 0.0580140427 0.686809063 ... 0 0 0]
 [0.853885412 0.22413674 0.852931738 ... 0.165118992 0 0]
 [0.285632521 0.466622889 0.443249404 ... 1.78394902 1.76817811 0]]
[[0 0 0 ... 0 0 0]
 [0.62874651 0 0 ... 0 0 0]
 [-5.19379973e-05 0.0223671123 0 ... 0 0 0]
 ...
 [0.687759042 0.0580033287 0.686803699 ... 0 0 0]
 [0.853884161 0.22412838 0.852928758 ... 0.165121168 0 0]
 [0.28563568 0.46661514 0.443239093 ... 1.7839458 1.76817906 0]]
[[0 0 0 ... 0 0 0]
 [0.628754318 0 0 ... 0 0 0]
 [-4.93600965e-05 0.0223697908 0 ... 0 0 0]
 ...
 [0.6877563 0.0579921678 0.686798632 ... 0 0 0]
 [0.853883147 0.224119008 0.852925479 ... 0.165122896 0 0]
 [0.285639435 0.466606945 0.443228453 ... 1.78394186 1.76818061 0]]
[[0 0 0 ... 0 0 0]
 [0.628763676 0 0 ... 0 0 0]
 [-4.61339951e-05 0.022372365 0 ... 0 0 0]
 ...
 [0.687754452 0.0579805374 0.686793923 ... 0 0 0]
 [0.853882551 0.224108592 0.852922 ... 0.165124163 0 0]
 [0.285643816 0.466598362 0.443217546 ... 1.78393734 1.76818275 0]]
[[0 0 0 ... 0 0 0]
 [0.628774643 0 0 ... 0 0 0]
 [-4.22224402e-05 0.0223747957 0 ... 0 0 0]
 ...
 [0.687753677 0.0579684079 0.686789691 ... 0 0 0]
 [0.853882194 0.224096894 0.852918148 ... 0.165124714 0 0]
 [0.285648733 0.466589272 0.44320637 ... 1.78393233 1.76818562 0]]
[[0 0 0 ... 0 0 0]
 [0.62878716 0 0 ... 0 0 0]
 [-3.76328826e-05 0.0223770272 0 ... 0 0 0]
 ...
 [0.687754 0.0579558164 0.686785936 ... 0 0 0]
 [0.853882194 0.224084049 0.852914155 ... 0.165124625 0 0]
 [0.285654306 0.466579646 0.443194926 ... 1.78392637 1.76818931 0]]
[[0 0 0 ... 0 0 0]
 [0.628801584 0 0 ... 0 0 0]
 [-3.23057175e-05 0.022378983 0 ... 0 0 0]
 ...
 [0.687755525 0.0579426885 0.686782658 ... 0 0 0]
 [0.85388273 0.224069864 0.852909863 ... 0.16512382 0 0]
 [0.285660505 0.466569483 0.443183243 ... 1.78391957 1.7681936 0]]
[[0 0 0 ... 0 0 0]
 [0.628817856 0 0 ... 0 0 0]
 [-2.61738896e-05 0.022380596 0 ... 0 0 0]
 ...
 [0.687758327 0.0579290092 0.686779857 ... 0 0 0]
 [0.853883743 0.224054456 0.852905393 ... 0.16512233 0 0]
 [0.28566727 0.466558784 0.443171382 ... 1.78391218 1.76819849 0]]
[[0 0 0 ... 0 0 0]
 [0.628835917 0 0 ... 0 0 0]
 [-1.9274652e-05 0.0223818477 0 ... 0 0 0]
 ...
 [0.687762439 0.0579148307 0.686777711 ... 0 0 0]
 [0.853885174 0.224037558 0.852900445 ... 0.165119946 0 0]
 [0.285674691 0.466547489 0.443159342 ... 1.78390396 1.76820445 0]]
[[0 0 0 ... 0 0 0]
 [0.628856063 0 0 ... 0 0 0]
 [-1.15185976e-05 0.0223826431 0 ... 0 0 0]
 ...
 [0.687768 0.0579001382 0.686776221 ... 0 0 0]
 [0.853887081 0.2240192 0.852895319 ... 0.165116668 0 0]
 [0.285682589 0.466535628 0.443147212 ... 1.78389502 1.76821089 0]]
[[0 0 0 ... 0 0 0]
 [0.628878236 0 0 ... 0 0 0]
 [-3.01003456e-06 0.0223829467 0 ... 0 0 0]
 ...
 [0.687775 0.0578848869 0.686775446 ... 0 0 0]
 [0.853889644 0.22399947 0.852890074 ... 0.16511257 0 0]
 [0.285691172 0.4665232 0.443135 ... 1.78388512 1.76821816 0]]
[[0 0 0 ... 0 0 0]
 [0.628902555 0 0 ... 0 0 0]
 [6.33299351e-06 0.0223826915 0 ... 0 0 0]
 ...
 [0.687783599 0.0578690469 0.686775446 ... 0 0 0]
 [0.853892803 0.223978207 0.852884591 ... 0.165107563 0 0]
 [0.285700321 0.466510147 0.443122804 ... 1.78387475 1.76822615 0]]
[[0 0 0 ... 0 0 0]
 [0.629429102 0 0 ... 0 0 0]
 [0.000402718782 0.0226350464 0 ... 0 0 0]
 ...
 [0.688183606 0.0580692664 0.687106192 ... 0 0 0]
 [0.854257643 0.224143371 0.853180289 ... 0.165392339 0 0]
 [0.286207914 0.466796577 0.443481475 ... 1.78402 1.76859379 0]]
[[0 0 0 ... 0 0 0]
 [0.630161881 0 0 ... 0 0 0]
 [0.00106259435 0.0232134014 0 ... 0 0 0]
 ...
 [0.688843131 0.0586179867 0.687727451 ... 0 0 0]
 [0.854899347 0.224674225 0.853783727 ... 0.16599001 0 0]
 [0.286930859 0.467392743 0.444117904 ... 1.78453505 1.76923597 0]]
[[0 0 0 ... 0 0 0]
 [0.530316114 0 0 ... 0 0 0]
 [-0.0988532305 -0.0767667368 0 ... 0 0 0]
 ...
 [0.588935733 -0.0413803756 0.587788939 ... 0 0 0]
 [0.754967093 0.124650978 0.7538203 ... 0.0660313591 0 0]
 [0.187093213 0.3674317 0.344198436 ... 1.68451369 1.66931272 0]]
[[0 0 0 ... 0 0 0]
 [0.530416667 0 0 ... 0 0 0]
 [-0.0988214538 -0.076808989 0 ... 0 0 0]
 ...
 [0.588972628 -0.0414440483 0.587794065 ... 0 0 0]
 [0.754986167 0.124569483 0.753807664 ... 0.0660135224 0 0]
 [0.187190831 0.367408574 0.344217598 ... 1.68441761 1.66933084 0]]
[[0 0 0 ... 0 0 0]
 [0.530519485 0 0 ... 0 0 0]
 [-0.0987925157 -0.0768490657 0 ... 0 0 0]
 ...
 [0.589008689 -0.0415108055 0.587801218 ... 0 0 0]
 [0.755003691 0.124484189 0.75379622 ... 0.0659949854 0 0]
 [0.187285542 0.367388904 0.344237983 ... 1.68431759 1.66935039 0]]
[[0 0 0 ... 0 0 0]
 [0.53062427 0 0 ... 0 0 0]
 [-0.0987664461 -0.0768861771 0 ... 0 0 0]
 ...
 [0.589042604 -0.0415816903 0.587809086 ... 0 0 0]
 [0.755019426 0.124395132 0.753785908 ... 0.0659768 0 0]
 [0.187377453 0.367372692 0.344258904 ... 1.68421555 1.66936994 0]]
[[0 0 0 ... 0 0 0]
 [0.530730963 0 0 ... 0 0 0]
 [-0.0987429619 -0.0769205391 0 ... 0 0 0]
 ...
 [0.589074492 -0.0416564941 0.58781749 ... 0 0 0]
 [0.755033493 0.124302521 0.75377655 ... 0.0659589916 0 0]
 [0.187467575 0.367359102 0.344279647 ... 1.68411231 1.66938698 0]]
[[0 0 0 ... 0 0 0]
 [0.530839443 0 0 ... 0 0 0]
 [-0.0987218544 -0.0769523457 0 ... 0 0 0]
 ...
 [0.589104056 -0.0417354107 0.587825894 ... 0 0 0]
 [0.755046248 0.124206781 0.753768086 ... 0.0659421682 0 0]
 [0.187557101 0.367346823 0.344299138 ... 1.68400955 1.66940117 0]]
[[0 0 0 ... 0 0 0]
 [0.530948699 0 0 ... 0 0 0]
 [-0.0987029076 -0.0769818276 0 ... 0 0 0]
 ...
 [0.589129686 -0.0418190807 0.58783257 ... 0 0 0]
 [0.755057514 0.124108791 0.753760457 ... 0.065927878 0 0]
 [0.187647462 0.367334366 0.344316185 ... 1.68390989 1.66941285 0]]
[[0 0 0 ... 0 0 0]
 [0.531056345 0 0 ... 0 0 0]
 [-0.0986859202 -0.0770092 0 ... 0 0 0]
 ...
 [0.58915168 -0.0419046879 0.587837577 ... 0 0 0]
 [0.755067527 0.124011159 0.753753424 ... 0.065915823 0 0]
 [0.187738538 0.367321849 0.344331026 ... 1.68381429 1.66942263 0]]
[[0 0 0 ... 0 0 0]
 [0.531159401 0 0 ... 0 0 0]
 [-0.0986707285 -0.0770347118 0 ... 0 0 0]
 ...
 [0.589170456 -0.0419889688 0.587841153 ... 0 0 0]
 [0.755076528 0.123917103 0.753747225 ... 0.0659060478 0 0]
 [0.187826872 0.367309093 0.344343781 ... 1.68372345 1.66943026 0]]
[[0 0 0 ... 0 0 0]
 [0.531255543 0 0 ... 0 0 0]
 [-0.0986571759 -0.0770583749 0 ... 0 0 0]
 ...
 [0.589186251 -0.0420693159 0.587843418 ... 0 0 0]
 [0.755084455 0.123828888 0.753741622 ... 0.06589818 0 0]
 [0.18791008 0.367296159 0.34435451 ... 1.68363726 1.66943598 0]]
[[0 0 0 ... 0 0 0]
 [0.531345129 0 0 ... 0 0 0]
 [-0.0986450911 -0.0770805925 0 ... 0 0 0]
 ...
 [0.589199305 -0.0421458483 0.587844372 ... 0 0 0]
 [0.755091429 0.123746276 0.753736496 ... 0.0658921 0 0]
 [0.187988162 0.367283225 0.344363809 ... 1.68355596 1.66944027 0]]
[[0 0 0 ... 0 0 0]
 [0.531428695 0 0 ... 0 0 0]
 [-0.0986343622 -0.0771012306 0 ... 0 0 0]
 ...
 [0.589209914 -0.0422188044 0.587844253 ... 0 0 0]
 [0.755097508 0.12366879 0.753731847 ... 0.0658875704 0 0]
 [0.188061833 0.367270231 0.344371438 ... 1.68348014 1.66944289 0]]
[[0 0 0 ... 0 0 0]
 [0.531507 0 0 ... 0 0 0]
 [-0.0986248255 -0.0771206617 0 ... 0 0 0]
 ...
 [0.58921814 -0.0422889 0.587842941 ... 0 0 0]
 [0.755102873 0.123595834 0.753727674 ... 0.0658847094 0 0]
 [0.18813169 0.36725688 0.344377518 ... 1.68341017 1.66944408 0]]
[[0 0 0 ... 0 0 0]
 [0.531580329 0 0 ... 0 0 0]
 [-0.0986164808 -0.0771387815 0 ... 0 0 0]
 ...
 [0.589224339 -0.0423560143 0.587840796 ... 0 0 0]
 [0.755107522 0.123527169 0.753724 ... 0.0658831596 0 0]
 [0.188197881 0.367243528 0.344382286 ... 1.68334627 1.66944408 0]]
[[0 0 0 ... 0 0 0]
 [0.531649232 0 0 ... 0 0 0]
 [-0.0986090899 -0.0771558285 0 ... 0 0 0]
 ...
 [0.589228749 -0.0424205065 0.587837815 ... 0 0 0]
 [0.755111575 0.123462349 0.753720641 ... 0.0658828318 0 0]
 [0.188260585 0.367230058 0.344385862 ... 1.68328798 1.66944313 0]]
[[0 0 0 ... 0 0 0]
 [0.531714082 0 0 ... 0 0 0]
 [-0.0986025333 -0.0771719217 0 ... 0 0 0]
 ...
 [0.589231372 -0.0424827337 0.587833881 ... 0 0 0]
 [0.755114913 0.123400837 0.753717422 ... 0.0658835471 0 0]
 [0.188320339 0.367216468 0.344388366 ... 1.68323493 1.66944122 0]]
[[0 0 0 ... 0 0 0]
 [0.531775236 0 0 ... 0 0 0]
 [-0.0985970497 -0.0771871805 0 ... 0 0 0]
 ...
 [0.589232445 -0.0425427556 0.587829471 ... 0 0 0]
 [0.755117714 0.123342484 0.75371474 ... 0.0658852756 0 0]
 [0.188376874 0.367202908 0.344390064 ... 1.68318713 1.66943836 0]]
[[0 0 0 ... 0 0 0]
 [0.531832695 0 0 ... 0 0 0]
 [-0.0985922813 -0.0272027254 0 ... 0 0 0]
 ...
 [0.639228642 0.00739595294 0.637820899 ... 0 0 0]
 [0.75511986 0.123287171 0.753712118 ... 0.115884542 0 0]
 [0.28842181 0.417183876 0.444384098 ... 1.78313208 1.71943 0]]
[[0 0 0 ... 0 0 0]
 [0.631875098 0 0 ... 0 0 0]
 [0.00140109658 0.0771977305 0 ... 0 0 0]
 ...
 [0.589220285 0.0426306129 0.587806702 ... 0 0 0]
 [0.855111659 0.223222971 0.853698134 ... 0.265867174 0 0]
 [0.288446605 0.367167026 0.44437471 ... 1.78307354 1.66942024 0]]
[[0 0 0 ... 0 0 0]
 [0.631898165 0 0 ... 0 0 0]
 [0.00137785077 0.0771799684 0 ... 0 0 0]
 ...
 [0.589185119 0.0426490307 0.587766409 ... 0 0 0]
 [0.855087161 0.223145664 0.853668392 ... 0.265837967 0 0]
 [0.288451135 0.367118418 0.444334388 ... 1.78299367 1.66938019 0]]
[[0 0 0 ... 0 0 0]
 [0.631903529 0 0 ... 0 0 0]
 [0.00133955479 0.0771469474 0 ... 0 0 0]
 ...
 [0.589134574 0.0426514149 0.587711096 ... 0 0 0]
 [0.855047643 0.223056614 0.853624165 ... 0.265795529 0 0]
 [0.28843832 0.367055446 0.444279104 ... 1.78290343 1.66932511 0]]
[[0 0 0 ... 0 0 0]
 [0.631893 0 0 ... 0 0 0]
 [0.00128737092 0.0771003962 0 ... 0 0 0]
 ...
 [0.58907038 0.0426398516 0.587642908 ... 0 0 0]
 [0.854994774 0.222956717 0.853567243 ... 0.265741646 0 0]
 [0.28840977 0.36697951 0.444210619 ... 1.78280437 1.66925645 0]]
[[0 0 0 ... 0 0 0]
 [0.631867647 0 0 ... 0 0 0]
 [0.0012229085 0.0770411491 0 ... 0 0 0]
 ...
 [0.588994622 0.0426151752 0.587563396 ... 0 0 0]
 [0.854929566 0.222847283 0.85349834 ... 0.265677154 0 0]
 [0.288367391 0.366892189 0.444130093 ... 1.7826978 1.66917634 0]]
[[0 0 0 ... 0 0 0]
 [0.631829262 0 0 ... 0 0 0]
 [0.00114735961 0.0769708157 0 ... 0 0 0]
 ...
 [0.588908494 0.0425799489 0.58747375 ... 0 0 0]
 [0.85485369 0.222729266 0.853418946 ... 0.265604377 0 0]
 [0.288312972 0.366794467 0.444038868 ... 1.78258514 1.66908574 0]]
[[0 0 0 ... 0 0 0]
 [0.631779194 0 0 ... 0 0 0]
 [0.00106161833 0.0768903196 0 ... 0 0 0]
 ...
 [0.588814199 0.0425352454 0.587376475 ... 0 0 0]
 [0.854768097 0.222603619 0.853330374 ... 0.265524149 0 0]
 [0.288247287 0.366688192 0.443938643 ... 1.78246808 1.66898561 0]]
[[0 0 0 ... 0 0 0]
 [0.631718874 0 0 ... 0 0 0]
 [0.000967115164 0.0768008232 0 ... 0 0 0]
 ...
 [0.588712573 0.042483449 0.587271929 ... 0 0 0]
 [0.854674101 0.222471237 0.853233457 ... 0.265438676 0 0]
 [0.288172841 0.366574019 0.443830162 ... 1.78234756 1.66887736 0]]
[[0 0 0 ... 0 0 0]
 [0.631649256 0 0 ... 0 0 0]
 [0.000864625 0.0767034888 0 ... 0 0 0]
 ...
 [0.588605165 0.0424256325 0.587161899 ... 0 0 0]
 [0.854572415 0.222332835 0.853129148 ... 0.265348792 0 0]
 [0.288089871 0.366453707 0.443715215 ... 1.78222573 1.66876292 0]]
[[0 0 0 ... 0 0 0]
 [0.63157171 0 0 ... 0 0 0]
 [0.000755310059 0.0765990615 0 ... 0 0 0]
 ...
 [0.588493466 0.0423633456 0.587047577 ... 0 0 0]
 [0.854464173 0.222189128 0.853018284 ... 0.265255809 0 0]
 [0.288000524 0.366327763 0.443594158 ... 1.78210306 1.668643 0]]
[[0 0 0 ... 0 0 0]
 [0.631487 0 0 ... 0 0 0]
 [0.000639885664 0.0764882565 0 ... 0 0 0]
 ...
 [0.588378966 0.0422973037 0.586930513 ... 0 0 0]
 [0.854350626 0.222041547 0.852902174 ... 0.265160918 0 0]
 [0.287905216 0.366197675 0.443468362 ... 1.78198111 1.6685183 0]]
[[0 0 0 ... 0 0 0]
 [0.631396055 0 0 ... 0 0 0]
 [0.000519305468 0.0763722062 0 ... 0 0 0]
 ...
 [0.588261962 0.0422294736 0.586810887 ... 0 0 0]
 [0.854231834 0.221889913 0.852780759 ... 0.265065193 0 0]
 [0.287805736 0.366063923 0.443338603 ... 1.78186059 1.66839075 0]]
[[0 0 0 ... 0 0 0]
 [0.631300211 0 0 ... 0 0 0]
 [0.000394374132 0.0762518346 0 ... 0 0 0]
 ...
 [0.588144422 0.0421600938 0.586690545 ... 0 0 0]
 [0.854109645 0.221735716 0.852655709 ... 0.264969528 0 0]
 [0.287702739 0.365927458 0.443205923 ... 1.78174233 1.66825974 0]]
[[0 0 0 ... 0 0 0]
 [0.631200075 0 0 ... 0 0 0]
 [0.000265449286 0.0761272907 0 ... 0 0 0]
 ...
 [0.588026524 0.042091012 0.586569786 ... 0 0 0]
 [0.853983641 0.221578538 0.852526963 ... 0.264874637 0 0]
 [0.287597239 0.365789235 0.44307071 ... 1.78162742 1.66812766 0]]
[[0 0 0 ... 0 0 0]
 [0.631096125 0 0 ... 0 0 0]
 [0.000133574009 0.075999558 0 ... 0 0 0]
 ...
 [0.587909102 0.0420224667 0.586449206 ... 0 0 0]
 [0.853855133 0.221419692 0.852395236 ... 0.264781475 0 0]
 [0.287489474 0.365650296 0.442934334 ... 1.78151703 1.66799438 0]]
[[0 0 0 ... 0 0 0]
 [0.630989075 0 0 ... 0 0 0]
 [-8.34465e-07 0.0758690834 0 ... 0 0 0]
 ...
 [0.587792695 0.0419552922 0.586329401 ... 0 0 0]
 [0.853725135 0.22126025 0.852261841 ... 0.264691353 0 0]
 [0.287381053 0.365510583 0.442796588 ... 1.78141057 1.66786027 0]]
[[0 0 0 ... 0 0 0]
 [0.632399321 0 0 ... 0 0 0]
 [0.00136488676 0.0770723224 0 ... 0 0 0]
 ...
 [0.588838696 0.0434706211 0.587329507 ... 0 0 0]
 [0.855012059 0.222469568 0.85350287 ... 0.26608336 0 0]
 [0.288852751 0.366896 0.444107622 ... 1.78286409 1.66922164 0]]
[[0 0 0 ... 0 0 0]
 [0.632278085 0 0 ... 0 0 0]
 [0.00121760368 0.0769293904 0 ... 0 0 0]
 ...
 [0.588703036 0.0433840156 0.587191224 ... 0 0 0]
 [0.854868174 0.222297907 0.853356242 ... 0.265974104 0 0]
 [0.288727105 0.366741 0.443954825 ... 1.78273869 1.66907179 0]]
[[0 0 0 ... 0 0 0]
 [0.632151604 0 0 ... 0 0 0]
 [0.00106522441 0.0767814815 0 ... 0 0 0]
 ...
 [0.588560581 0.0432908535 0.587046385 ... 0 0 0]
 [0.854719162 0.222121537 0.853205 ... 0.265858471 0 0]
 [0.288595438 0.366580218 0.443796039 ... 1.7826066 1.66891623 0]]
[[0 0 0 ... 0 0 0]
 [0.632020712 0 0 ... 0 0 0]
 [0.000908792 0.0766297281 0 ... 0 0 0]
 ...
 [0.588412762 0.0431925654 0.5868963 ... 0 0 0]
 [0.854566216 0.22194171 0.853049755 ... 0.26573807 0 0]
 [0.28845942 0.366414577 0.443632543 ... 1.78246975 1.66875577 0]]
[[0 0 0 ... 0 0 0]
 [0.631885827 0 0 ... 0 0 0]
 [0.000748813152 0.0764745474 0 ... 0 0 0]
 ...
 [0.588261127 0.0430906415 0.58674258 ... 0 0 0]
 [0.854409873 0.221759319 0.852891326 ... 0.265614688 0 0]
 [0.28831923 0.366245955 0.443465739 ... 1.78233039 1.6685915 0]]
[[0 0 0 ... 0 0 0]
 [0.631748199 0 0 ... 0 0 0]
 [0.000586241484 0.0763167143 0 ... 0 0 0]
 ...
 [0.588107 0.0429868102 0.586586177 ... 0 0 0]
 [0.854251146 0.221575022 0.852730274 ... 0.265489757 0 0]
 [0.288176 0.366075456 0.443296731 ... 1.7821902 1.66842496 0]]
[[0 0 0 ... 0 0 0]
 [0.631608486 0 0 ... 0 0 0]
 [0.000421613455 0.0761569738 0 ... 0 0 0]
 ...
 [0.587952256 0.0428820848 0.58642906 ... 0 0 0]
 [0.854090452 0.221389055 0.852567255 ... 0.265364051 0 0]
 [0.288031638 0.365903288 0.443125814 ... 1.78205025 1.668257 0]]
[[0 0 0 ... 0 0 0]
 [0.631467581 0 0 ... 0 0 0]
 [0.000255584717 0.0759955347 0 ... 0 0 0]
 ...
 [0.587797523 0.0427781343 0.586271644 ... 0 0 0]
 [0.853928685 0.221202254 0.852402806 ... 0.265239239 0 0]
 [0.287886918 0.365730494 0.442953587 ... 1.78191185 1.66808879 0]]
[[0 0 0 ... 0 0 0]
 [0.63132596 0 0 ... 0 0 0]
 [8.85725e-05 0.0758335 0 ... 0 0 0]
 ...
 [0.587644219 0.0426758528 0.58611536 ... 0 0 0]
 [0.853766441 0.221015215 0.852237582 ... 0.265116334 0 0]
 [0.287742257 0.365557939 0.442781478 ... 1.78177667 1.66792035 0]]
[[0 0 0 ... 0 0 0]
 [0.631184 0 0 ... 0 0 0]
 [-7.88271427e-05 0.0756708086 0 ... 0 0 0]
 ...
 [0.587492704 0.042576313 0.585960388 ... 0 0 0]
 [0.853604138 0.220828593 0.852071762 ... 0.264996469 0 0]
 [0.287598193 0.365386665 0.442609936 ... 1.78164566 1.66775322 0]]
[[0 0 0 ... 0 0 0]
 [0.63266468 0 0 ... 0 0 0]
 [0.0014064312 0.076996 0 ... 0 0 0]
 ...
 [0.588246465 0.0442974567 0.586664677 ... 0 0 0]
 [0.854977846 0.222141623 0.853396058 ... 0.266610622 0 0]
 [0.289152324 0.366594046 0.443757594 ... 1.78307271 1.66894937 0]]
[[0 0 0 ... 0 0 0]
 [0.632687509 0 0 ... 0 0 0]
 [0.00141021609 0.0769848228 0 ... 0 0 0]
 ...
 [0.588177323 0.0443785787 0.586587548 ... 0 0 0]
 [0.854972243 0.222108424 0.853382468 ... 0.266663313 0 0]
 [0.289177835 0.366559029 0.443716228 ... 1.7830925 1.66891611 0]]
[[0 0 0 ... 0 0 0]
 [0.632530868 0 0 ... 0 0 0]
 [0.00122946501 0.0768091381 0 ... 0 0 0]
 ...
 [0.588003457 0.044256568 0.586411357 ... 0 0 0]
 [0.854795635 0.221908331 0.853203535 ... 0.266521335 0 0]
 [0.289015651 0.366369843 0.44352755 ... 1.78293669 1.66873038 0]]
[[0 0 0 ... 0 0 0]
 [0.632371247 0 0 ... 0 0 0]
 [0.00104570389 0.0766307712 0 ... 0 0 0]
 ...
 [0.587825477 0.0441309214 0.586231291 ... 0 0 0]
 [0.854615748 0.22170496 0.853021562 ... 0.266375422 0 0]
 [0.288849771 0.366177142 0.443335533 ... 1.78277671 1.66854119 0]]
[[0 0 0 ... 0 0 0]
 [0.632209659 0 0 ... 0 0 0]
 [0.000859707594 0.0764501393 0 ... 0 0 0]
 ...
 [0.587645054 0.0440033078 0.586048782 ... 0 0 0]
 [0.854433775 0.221499503 0.852837503 ... 0.266227484 0 0]
 [0.288681149 0.365982503 0.443141401 ... 1.78261518 1.66834962 0]]
[[0 0 0 ... 0 0 0]
 [0.632046103 0 0 ... 0 0 0]
 [0.000672102 0.0762679875 0 ... 0 0 0]
 ...
 [0.587463737 0.0438751578 0.585865259 ... 0 0 0]
 [0.854250431 0.221293092 0.852652073 ... 0.266079485 0 0]
 [0.288511574 0.365786016 0.442945212 ... 1.7824533 1.66815662 0]]
[[0 0 0 ... 0 0 0]
 [0.631881952 0 0 ... 0 0 0]
 [0.000483602285 0.0760849714 0 ... 0 0 0]
 ...
 [0.587283134 0.0437479019 0.585682273 ... 0 0 0]
 [0.854066133 0.221085787 0.852465272 ... 0.265932083 0 0]
 [0.288341343 0.365589827 0.442749053 ... 1.78229356 1.66796339 0]]
[[0 0 0 ... 0 0 0]
 [0.631717443 0 0 ... 0 0 0]
 [0.000294417143 0.0759014487 0 ... 0 0 0]
 ...
 [0.587104201 0.0436230302 0.585500777 ... 0 0 0]
 [0.853881717 0.220878661 0.852278292 ... 0.265787363 0 0]
 [0.288172245 0.365393639 0.442552388 ... 1.78213656 1.66777062 0]]
[[0 0 0 ... 0 0 0]
 [0.631553531 0 0 ... 0 0 0]
 [0.000105381012 0.0757179856 0 ... 0 0 0]
 ...
 [0.586928129 0.0435018539 0.585321546 ... 0 0 0]
 [0.853697896 0.220672011 0.852091312 ... 0.265646219 0 0]
 [0.288003683 0.365199268 0.442357063 ... 1.78198457 1.66757894 0]]
[[0 0 0 ... 0 0 0]
 [0.631390631 0 0 ... 0 0 0]
 [-8.32378864e-05 0.0755349398 0 ... 0 0 0]
 ...
 [0.586755931 0.043385148 0.585145712 ... 0 0 0]
 [0.853514731 0.220466137 0.851904511 ... 0.265509248 0 0]
 [0.287838101 0.365006387 0.442162573 ... 1.7818377 1.66738939 0]]
[[0 0 0 ... 0 0 0]
 [0.632910371 0 0 ... 0 0 0]
 [0.00146439672 0.0769076645 0 ... 0 0 0]
 ...
 [0.587650299 0.0451227427 0.585990191 ... 0 0 0]
 [0.854951501 0.221851051 0.853291333 ... 0.267163813 0 0]
 [0.289412439 0.366315544 0.443409055 ... 1.78334796 1.66868401 0]]
[[0 0 0 ... 0 0 0]
 [0.632739544 0 0 ... 0 0 0]
 [0.00126862526 0.0767176151 0 ... 0 0 0]
 ...
 [0.587464333 0.0449923873 0.585801363 ... 0 0 0]
 [0.854760528 0.221637487 0.853097439 ... 0.267013371 0 0]
 [0.289236307 0.3661125 0.443205208 ... 1.78318524 1.66848409 0]]
[[0 0 0 ... 0 0 0]
 [0.632566154 0 0 ... 0 0 0]
 [0.0010702312 0.0765250921 0 ... 0 0 0]
 ...
 [0.587274373 0.0448583364 0.58560884 ... 0 0 0]
 [0.854566574 0.221420825 0.852901101 ... 0.266858757 0 0]
 [0.289056599 0.365906239 0.442998171 ... 1.78301859 1.66828096 0]]
[[0 0 0 ... 0 0 0]
 [0.632391095 0 0 ... 0 0 0]
 [0.000870287418 0.0763308704 0 ... 0 0 0]
 ...
 [0.587082386 0.0447223783 0.585414171 ... 0 0 0]
 [0.854371309 0.22120297 0.852703094 ... 0.266702592 0 0]
 [0.288874686 0.365698308 0.442789435 ... 1.78285 1.6680752 0]]
[[0 0 0 ... 0 0 0]
 [0.632214963 0 0 ... 0 0 0]
 [0.000669002533 0.0761354566 0 ... 0 0 0]
 ...
 [0.586889446 0.0445865393 0.585218608 ... 0 0 0]
 [0.854174793 0.220983863 0.852503955 ... 0.266546369 0 0]
 [0.288692176 0.365489453 0.442579478 ... 1.78268135 1.66786909 0]]
[[0 0 0 ... 0 0 0]
 [0.632038713 0 0 ... 0 0 0]
 [0.000467330217 0.0759396553 0 ... 0 0 0]
 ...
 [0.586697817 0.0444518328 0.58502388 ... 0 0 0]
 [0.853978336 0.220764697 0.852304459 ... 0.266391456 0 0]
 [0.288510084 0.36528033 0.442369044 ... 1.78251445 1.66766226 0]]
[[0 0 0 ... 0 0 0]
 [0.63186264 0 0 ... 0 0 0]
 [0.000265479088 0.075743854 0 ... 0 0 0]
 ...
 [0.586508393 0.0443196297 0.584831119 ... 0 0 0]
 [0.853781939 0.220545888 0.852104664 ... 0.266238928 0 0]
 [0.288328707 0.365072191 0.442159176 ... 1.78235078 1.66745639 0]]
[[0 0 0 ... 0 0 0]
 [0.631687522 0 0 ... 0 0 0]
 [6.39557838e-05 0.0755483508 0 ... 0 0 0]
 ...
 [0.586321712 0.0441918969 0.584640741 ... 0 0 0]
 [0.853585839 0.220327258 0.851904869 ... 0.266090214 0 0]
 [0.288149476 0.364865571 0.441950113 ... 1.78219187 1.66725254 0]]
[[0 0 0 ... 0 0 0]
 [0.631513596 0 0 ... 0 0 0]
 [-0.000136941671 0.075353533 0 ... 0 0 0]
 ...
 [0.586139321 0.0440687537 0.584454119 ... 0 0 0]
 [0.85339129 0.220110416 0.851706147 ... 0.265946448 0 0]
 [0.287972152 0.364661515 0.441742867 ... 1.78203881 1.6670506 0]]
[[0 0 0 ... 0 0 0]
 [0.63312912 0 0 ... 0 0 0]
 [0.00153452158 0.0768110156 0 ... 0 0 0]
 ...
 [0.58705008 0.0459355116 0.5853073 ... 0 0 0]
 [0.854933143 0.221603513 0.853190362 ... 0.267739534 0 0]
 [0.289646924 0.366071135 0.443078071 ... 1.78368354 1.66843975 0]]
[[0 0 0 ... 0 0 0]
 [0.632947683 0 0 ... 0 0 0]
 [0.00132709742 0.0766095221 0 ... 0 0 0]
 ...
 [0.586853862 0.0457983613 0.585107684 ... 0 0 0]
 [0.854731083 0.221378982 0.852984905 ... 0.267581701 0 0]
 [0.289459229 0.365857 0.442861706 ... 1.78351426 1.66822767 0]]
[[0 0 0 ... 0 0 0]
 [0.632764101 0 0 ... 0 0 0]
 [0.00111755729 0.0764059722 0 ... 0 0 0]
 ...
 [0.586653709 0.0456575155 0.584904194 ... 0 0 0]
 [0.854526579 0.221151769 0.852777 ... 0.26742 0 0]
 [0.289269388 0.365639627 0.442642361 ... 1.78334045 1.66801262 0]]
[[0 0 0 ... 0 0 0]
 [0.632578909 0 0 ... 0 0 0]
 [0.000906348228 0.0762009 0 ... 0 0 0]
 ...
 [0.586451113 0.0455151796 0.584698379 ... 0 0 0]
 [0.854320526 0.220923 0.852567792 ... 0.267256796 0 0]
 [0.289077461 0.36542052 0.442421317 ... 1.7831645 1.66779566 0]]
[[0 0 0 ... 0 0 0]
 [0.632393122 0 0 ... 0 0 0]
 [0.000694334507 0.0759948194 0 ... 0 0 0]
 ...
 [0.586248517 0.0453727245 0.584492326 ... 0 0 0]
 [0.854113579 0.220693231 0.852357388 ... 0.267093182 0 0]
 [0.28888458 0.365200877 0.442199439 ... 1.78298879 1.66757774 0]]
[[0 0 0 ... 0 0 0]
 [0.632207155 0 0 ... 0 0 0]
 [0.000481784344 0.0757884085 0 ... 0 0 0]
 ...
 [0.586046934 0.0452318192 0.584287167 ... 0 0 0]
 [0.853906393 0.220463336 0.852146626 ... 0.266931117 0 0]
 [0.288692355 0.364981174 0.441977173 ... 1.78281498 1.66736007 0]]
[[0 0 0 ... 0 0 0]
 [0.632021666 0 0 ... 0 0 0]
 [0.000269263983 0.0755822361 0 ... 0 0 0]
 ...
 [0.585847616 0.0450937748 0.584083915 ... 0 0 0]
 [0.853699923 0.220234156 0.851936221 ... 0.266772032 0 0]
 [0.288500965 0.364762485 0.441755563 ... 1.78264451 1.66714334 0]]
[[0 0 0 ... 0 0 0]
 [0.631837249 0 0 ... 0 0 0]
 [5.7220459e-05 0.0753765404 0 ... 0 0 0]
 ...
 [0.585651636 0.0449601412 0.583883524 ... 0 0 0]
 [0.853494167 0.22000587 0.851726055 ... 0.26661706 0 0]
 [0.288311899 0.364545584 0.441535026 ... 1.78247893 1.66692829 0]]
[[0 0 0 ... 0 0 0]
 [0.631654382 0 0 ... 0 0 0]
 [-0.000153750181 0.0751716495 0 ... 0 0 0]
 ...
 [0.585460067 0.0448314548 0.583686709 ... 0 0 0]
 [0.853289843 0.219779074 0.851516485 ... 0.266466975 0 0]
 [0.288124979 0.364331037 0.441316038 ... 1.78231955 1.6667155 0]]
